428,14
428,13
428,12
428,11
428,10
428,9
428,8
428,7
428,6
428,5
428,4
428,3
428,2
428,1
428,0
427,5
427,4
427,3
427,2
427,1
427,0
424,5
424,4
424,3
424,2
424,1
424,0
421,4
421,3
421,2
18,1
421,1
421,0
420,3
420,2
18,3
420,1
420,0
419,3
419,2
419,1
419,0
418,3
418,2
418,1
418,0
417,4
417,3
417,2
417,1
417,0
416,4
416,3
416,2
416,1
416,0
414,4
414,3
414,2
414,1
414,0
412,4
412,3
2,2
412,2
2,1
412,1
412,0
2,3
410,4
410,3
410,2
410,1
410,0
409,3
409,2
409,1
409,0
14,1
14,3
13,1
13,3
0,1839
0,1828
0,1805
0,1802
0,553
0,539
0,521
0,519
0,516
0,510
0,472
0,390
0,386
0,369
0,358
0,352
0,351
0,350
0,349
0,348
0,345
0,344
0,343
0,341
0,340
0,339
0,338
0,336
0,335
0,333
0,332
0,330
0,328
0,325
0,243
0,0
433,34
433,33
433,32
433,31
433,30
433,29
433,28
433,27
433,26
433,25
433,24
433,23
433,22
433,21
433,20
433,19
433,18
433,17
433,16
433,15
433,14
433,13
433,12
433,11
433,10
433,9
433,8
433,7
433,6
433,5
433,4
433,3
433,2
433,0
0,276
0,275
0,272
0,271
0,12
0,1827
0,10
0,8
0,365
0,441
0,268
0,542
0,500
0,267
0,326
0,518
0,440
0,266
0,389
0,567
0,439
0,265
0,387
0,536
0,438
0,264
0,304
0,546
0,437
0,263
0,506
0,1810
0,484
0,262
0,1812
0,436
0,261
0,499
0,534
0,260
0,483
0,1829
0,259
0,1819
0,433
0,258
0,512
0,482
0,257
0,470
0,498
0,1822
0,256
0,1823
0,432
0,255
0,1847
0,431
0,254
0,1815
0,430
0,253
0,1852
0,429
0,252
0,501
0,533
0,428
0,251
0,497
0,346
0,427
0,250
0,1841
0,426
0,249
0,446
0,1840
0,425
0,248
0,1821
0,540
0,424
0,247
0,1854
0,423
0,246
0,1804
0,422
0,245
0,421
0,244
0,535
0,565
0,420
0,242
0,1814
0,419
0,241
0,454
0,529
0,418
0,240
0,331
0,505
0,417
0,239
0,321
0,1820
0,496
0,238
0,406
0,1797
0,416
0,237
0,564
0,473
0,478
0,236
0,324
0,471
0,1818
0,235
0,384
0,561
0,413
0,234
0,1846
0,495
0,442
0,233
0,494
0,1825
0,232
0,447
0,412
0,231
0,302
0,1807
0,411
0,230
0,317
0,410
0,229
0,559
0,488
0,409
0,228
0,319
0,1837
0,466
0,227
428,15
428,16
428,18
428,19
428,21
428,22
428,24
428,26
428,27
428,29
428,30
430,0
430,2
430,3
431,1
431,2
431,4
431,5
431,7
431,9
431,10
431,12
431,13
431,15
431,17
431,18
431,20
431,21
431,23
431,24
431,26
431,28
431,29
431,31
431,32
431,34
431,36
431,64
431,66
431,67
431,69
431,70
431,72
431,74
431,75
431,77
431,78
431,80
431,82
431,83
431,85
431,86
431,88
431,90
431,91
431,93
